40361217442581324344506233412765108300470507384066210263213510554417845731475846
12208411266761621403701564431864336512227862507022074407770326558067284632441846
08805454117875371572155787736351263367335508482522441777844843502777716302701478
75044531662162770144725326011365714703638552110275412510270880713343438084811678
71655428768158221466034763107158552207838853748476067724003746761550487235513834
42077436075181554164046048621254744875583768443328108742787820074673642834871280
60613714128407758102437616245260433810553722080787886801148015183140844060546317
00554110106228121463757065565616130010402203588008537320508462658140117068081327
08751313481577455517732826037857276273337613540650522816486820004275504228807132
61772708172734068416207746353764617566160855115855651806063668222830206345767774
03647574644464378640724604223805552628546674674170651241261322007738831638084850
51627047718444178424534882678750863282531621225831413164772825220354105441170108
46416587324548037806732001647631636885841155341627771461453373735571420042447083
82410648770117042888041527530638330688017816518388443154372386471471426146351736
63443651334233273154014383547208414515056346814013188064320201145817446088838028
31816476570717768433338112760527131652438066038123032608722744264360446183683616
51074723732215254510270273205425266132712153277442106713608348646116581357883468
44715314540622686402226221131285751382322530878324206570370467358816873716746284
85207026602258344064867211552323073570617335610412735888217765383340011381846466
37170266437677154101745444260701150513232871075538238506740213358257778116583400
20575614601131547871104242654136758723153173471075442770476764763757401210650330
50731154114438230705880017008448533137384581561366680104124746703871742784618760
44412688776002681232567328733633660640747484220175565183763008524741212471277326
47411225750044557270524715313806375464374831383033731755076036518725371445623316
03222033087260486516577218214514027213554853001057357731717436182426073123802148
03864547708105127736781332841322275286457271166072458833847710717018863686637033
42621273374326848545435826207144478081115850801476338470781316101446758823667503
71727261880534338338821254167170056880706661343801580602308160750342251286478024
46678112702017458181308455307305027216616702322523661758721063323604538770882780
64631657705068356782516283478841827262001426644637610450501745708246580772582177
58220128435453724623112424828625335543862232284485451537155472653310041643557537
62478580361280678562371778188526185260571417577065452601318645754587227118337204
15847480211566453424107865016151301170853722864842117145315107302350530675061215
10674157688163407241623227146840217845220276831406463355320814055767206610350513
13128230024410715871071565776037148080703825272366246835052140571347484500581658
52550862453303075708130310268841362126605635021028274165030377235450508762027781
23114601873032364653525087243581881152464311256233772644424062583516687371188835
22685262207446241172413045863134404031757603282472226862287483216436264435052070
41271016748312348860687508765303480731723453068826135178513285378655174022051656
82633148243341074206858504362713030848167122154515101235714276776355831541736168
05703247351407423371545628815466720007184678577651672202163688711715487770478237
57666420180245017152528706808243028353286381705223213028102521564365684568774222
36635464776271663221230470828882007071388253244842168227268573107212543328066510
83471117263472187286065570378083421264821457736340328583770251136031707505012827
71287210705808464208736810588165044575548464014687358254162416143087383564476656
13357250183661522118352220034106042355771803374374773637618461225830566861531460
88721348666845555410527770211586742835263275706571715687264565618715324286723563
45347585384250265144543251064265663436431250158068863553731366703480601552163773
44244652477730632551004657563623064072268553141186014640183140825046484841857821
74110688325746275354477350624328564154343718505053840666340010112727658384575176
85210153542203264006204684362806352562186526462284647315765725621727035325856625
14236770415084106482662348305031474750865077868006644341224728216416380836241814
17256748858361183653741828001481083034003143453545757774303324782213067565277301
88305071530871202632724011372725600825417631347248447557634485208522267174848100
51621311781415862460803737883301203333483601556506026731510508417045145584360218
04570816153654585276528064664001285434083274822561718005717857742165685340830137
46300387338188252111626557276104001602473388383458031465226571574025230657868352
27842415886415184141628523482084502075185540132722807582505745471371057818312243
11532661361247600663440044017410558320270383220211184150060414613634166525568745
86852605414755285172344416775114346486546314341103245772263006047380700148368648
62316714680346506275155016452214410547875220205246104883818834377265345514525271
12471412870805476107601364360744742670518401673478372352801463682642827204500784
63227143155716237205507823888082065255620688470356040406005270750858523754730453
70380688838255336643728603085067243000483307810487744621285186264821560465161024
63067683622158686244762838878054272500244377473350856024475543607600148612271646
03042200227134218275755252117360723547626841650185515306820878858763024281618488
52000638050461328834367531573427624877224044046628056812445357014553312856020610
82678276420344821022222082776258500771256155661815670321646707531532008661865367
43635664426378432786052136574121337432413262111217408101727637337665030174767064
21418076743560307340254578346743116224373500836633078033181476431412524285857425
01256422766525077701436844835341581136408185577084047071171721116377202722382380
33485707415227217378463613456516656213286047438377326788515336888763832586482650
62108444004351870771806087461724871684071125602585383520683501324312826052730723
54578072853050727283111885868502087232001328412373481455581033381816774176625362
80457044738527570064240735053672104401613688653566418061710063104882000480632014
48276452117767332267616840217737166011812744805722352884730663147154071162627245
53806578138042262258461742447063880123342870573136681513155287048265335017106637
78826451303636053015434437603840703243506250432273732106027613173142283153086353
11852734688403046633674803662671785578665423127348608181023337178188267347088276
76142682135583254801247103212444813621661400552164026074085155824107266665518234
